0.6661082130475465,0.06466793657119045,1.0177973486236425
0.25876491822916187,0.6719483420508509,0.8329647998426032
0.2665877092329211,0.5339821672678968,0.9012816541889409
1.1782184709809866,0.512608015440091,1.3142625097002225
0.49154745921892246,-0.04737237192540247,0.9258988094931475
0.9024278821862223,0.3301357181858105,1.1593155514246272
0.42990023946214556,0.2680630034580736,1.0593582015122656
0.832948799990912,0.5479947370699787,1.169871401749116
0.8465045967515622,0.7455458358476187,1.182444839479038
2.1970950047400613,0.8153368213427346,1.673161385241013
1.4935839485928963,0.8156043123055949,1.4036895274405514
0.8521902937492344,0.89479498983595,1.0967770041011116
1.7777638135798017,1.0386549330246757,1.6137817704832917
0.9324234321846949,0.9190162610321017,1.111807308801257
2.681322717306979,1.4320732766632287,1.8238402342676643
0.6008705077242723,0.9785540367898401,0.9433165740631334
0.6864028012325496,1.0344406523849792,0.8706718334074685
0.08406644957125209,0.8452746193591391,0.631857177075928
1.0146944876164015,0.9464431421854381,1.1887123205687469
0.5472255037227112,0.7535146018829205,0.9732444443817706
1.6734487134425113,1.2015272258406038,1.552341947250692
0.7852517371546371,0.5847000194044125,1.1606413803620772
0.8300098253541435,0.8993570829781647,1.1711771110461107
-9.993294477876926,-15.196887856358225,-19.034444999038037
-10.565668832064983,-14.019962692702395,-18.69811895769961
-1.0319208662741997,-14.08051588424543,-11.34959098763859
1.4760214675812502,1.7092789379330924,1.196130572660189
0.31174668836382935,1.1804268512480258,0.6680736126419884
-11.946063225067094,-14.638558360077564,-18.15440860684049
0.5530018569032896,0.7925069258832124,0.9884176082095815
-0.5050400466321096,-14.097030203822955,-11.646660468229408
0.5659200898974845,0.8665651700444391,0.9834286755346875
0.03424531409842247,0.35129920799639264,0.8485550659017249
-0.294575857781953,0.11616379002741305,0.676899622959443
-0.6206225168077377,0.35586920705707775,0.43794317778101566
0.019868921942886298,0.2703509300126226,0.8427574975481767
-1.2383307190243438,-14.794015574674761,-11.295569549806775
-0.7067760106363845,0.24219935827317304,0.38941226374885424
0.1914149190954385,0.1872373523112018,1.0215337665678494
0.029924428676650395,0.44661913134229697,0.8527461475601498
0.6758908968661843,0.39226113550601804,1.1638640917480776
-0.2222548416962486,0.42085404381717,0.6129275533431356
-11.062976902734304,-15.056581205162688,-18.28110286184247
0.17252624906431813,0.5176595765316786,0.7239607901139149
-1.5937916359988964,-15.234875827795168,-11.78467176295411
-9.297808818970445,-15.595455756117051,-19.613934617252017
-1.2634411445135576,-14.956139459503817,-11.67770004068493
-11.755462803320054,-15.191944107264737,-17.927850220423416
0.17264138173338436,0.4855438464159973,0.7617867789879683
0.4712407674512228,0.6814420261983043,0.7974267054646165
0.22636276615247666,0.49665238821393576,0.6844948746451839
-0.14562673197561934,0.4366479490009564,0.45871433136695505
0.8768944557496827,0.804792712096708,1.002966167548904
0.8874694846948172,1.0149041456063834,1.017125258420788
0.034025780244427595,1.1397175163210993,0.5199612828142219
-1.0120704737660047,0.8881093129614738,-0.06755902796563243
-0.26675213941075493,1.0067510215448245,0.38724421747706206
0.6943305660466862,1.116121961191684,1.0011255546243654
-8.537535965323968,-15.924299517765082,-19.277890640530572
-1.0050467602870865,-14.477032427229314,-11.603357219721024
-1.270912779801511,-14.696523104637976,-11.697007072535586
-10.007837702386263,-14.427199713019236,-18.14257338930001
-0.5017646855705234,-13.989709203695554,-11.178230086148545
0.851365338073365,1.138634604783231,1.080512126066012
1.7127343230441836,1.5505045085407894,1.48949269593108
0.10103681780576003,0.8011954592269769,0.6520127770220236
1.1174611370131697,0.9095438971791482,1.1840796211566968
1.3527604566053892,1.0396043004654456,1.3716024031756833
0.2877766427926464,0.9694050915262283,0.652847837584744
0.23621806882250404,0.8210945676234866,0.6368275124172369
0.9131845853399028,0.8863442628672851,1.0235953958309774
1.2393746382273587,0.4374279871011144,1.223408667005738
-1.1925121841596293,-14.9194564516849,-11.889644172897903
0.10679284220044821,0.36022307932677655,0.7915704970465381
-0.05382733832813713,0.3099940911206765,0.7447792288239966
-0.4164878680213053,0.11962554165018306,0.5218904892527447
-1.2890614577218,-14.760646957807502,-11.465260614260266
0.4855462716118821,0.43504039086921215,0.9387693149342167
0.1959489969753345,0.44173287761004715,0.7393624696172715
-0.7327491815985747,-0.0059705737629860475,0.3869243846899958
0.4282037220810274,0.04151378305439505,1.115819275324192
0.8365513000865827,-0.0061701119279068545,1.4206249356752572
-0.12316155640795518,-0.19956495507183283,0.8643747671759643
1.174381123718434,0.3815865318534975,1.3975898479378641
-0.15546268345277278,0.13953642626444843,0.7024977113657195
0.619078289792453,-0.011146310647018353,1.2305875020120547
0.2622736643680378,0.06103694877936503,0.9436733938883548
0.7987559771939869,0.03560094878951965,1.3235064819552889
0.6765870112816357,0.17766727101031338,1.331075883868555
0.8153963075922112,0.4770240922657,1.3689739993546202
0.864633231753556,0.3015676631220425,1.3986240258702887
1.1859243193899724,0.1405799034105427,1.5679797463151064
-1.3617383475966085,-14.479308952359686,-10.86593080425157
0.9292978199853218,0.04761984719726453,1.4020584821463677
0.4131961021899456,0.4671175468041968,1.037800162791937
0.06456263872686123,-0.011310065566192327,0.9404857187970996
-1.1625514633151979,-14.413229220794431,-10.876867795717061
-2.3122942968817286,-15.802137352385534,-11.260513596642012
0.44797694798545723,0.21711381973820507,1.1990188583406525
0.8864305897282221,0.8816136769540083,1.3221037152081547
-0.040180889287856514,0.4486244368701842,0.8018702319880268
0.2933866938866298,0.581962372918808,0.9678880249320452
-1.568162304747809,-14.49903601044663,-11.288749112347704
0.5039462063506337,0.43603643900602596,1.1968918318506663
-1.3186551418300634,-14.488466441473378,-11.20125090748392
0.2769038421043552,0.5998370231217824,0.8949159169671216
-10.463724370178925,-14.735403584676071,-17.69652900709701
-10.741265643687198,-14.770420328651474,-18.038521019574226
0.3937113681108876,0.4474260117503149,1.1523791886957988
-1.8408925018816698,-15.255652441078265,-11.638217533584529
0.28503015540525695,0.14081239993583827,1.1584693933389498
0.5883321501000544,-0.04111176916957343,1.4745888493730224
0.2184128721810949,-0.006065937539731463,1.2592139699491678
0.23323161160577316,-0.7169829586026215,1.0472315481314471
-11.140651081416147,-15.132984795751243,-17.70271664933858
0.37944714559692433,-0.17426729289060847,1.2942408381940613
-1.6522883653484932,-15.041428175248269,-11.080848196344835
-0.20510630245389533,-0.18285404218569262,0.9488876214775196
0.2331508552086963,-0.1293279825698655,1.1366199605903866
0.25967155233157935,-0.04345242777715791,1.1565035866673472
-11.364109302146709,-14.578099019284073,-18.18557415679973
0.536320801934274,0.10689285800572888,1.2745127739144766
0.035327518462005915,0.18076076204033883,0.9911456005050162
0.04494047797613906,0.30432383111670674,0.9617356935244794
-1.2635775341582693,-14.983880051004082,-11.751510180800155
0.261259974810746,0.3059275847295598,1.0485541513798957
0.44912687062069595,0.5452004700096531,0.9686145034670347
-0.07940692643802985,0.20694277020878243,0.6180879470629549
0.7805131933731393,0.37952355221766376,1.0706305702177417
1.0978089114719558,1.0726597246552145,1.1474826743894126
0.5700052352378709,0.9060802823690542,1.0047798561211625
0.742172872635014,0.5823242039665681,1.1324507424645935
1.2447726978144227,0.8912026383640821,1.3091899494907018
0.6103106418391805,0.49732335155650786,1.125997476648645
0.7295395644747268,0.75429221584633,1.0763436359900518
0.741364157291005,0.508787727958483,1.0638389240256254
0.9761326552438546,0.38562444147474634,1.3147786342082146
0.4225291742595181,0.29679297807734295,0.9558258643971504
0.11400479340019637,0.3152050453320428,0.6555667305390104
0.6147185093794072,0.1391263937077283,1.0776456709566464
-0.19910860886742335,0.1736886896975662,0.5180421820507648
-13.239109900726104,-13.164122022685275,-24.2194915889584
0.11264039737353841,0.2469315494361664,0.7595628975716423
-0.2052956455277223,0.1909356744589915,0.6584466267223018
0.5340260586444537,0.37230771687874703,0.9771492318189245
0.6238905606608875,0.42709898240614036,1.0190384572356705
-0.1419494413069669,0.18917050876023656,0.600047993203183
0.16785891601547512,0.2931811078045781,0.775848322725031
0.5481192490456797,0.5614152090695016,0.965157945932993
1.2291609314135894,0.5054513692186995,1.3368967870501214
0.12748071172872075,0.37804459583238875,0.8314861107462405
-17.6065708678942,-10.900438095700672,-24.23186886312585
-0.09067358257212914,0.4503686583765837,0.6951723035547719
0.772886046249163,0.46930035338155157,1.1580757617804083
0.8011009636902093,0.48139661360778746,1.1431387030413904
0.8382142194426841,0.4898071393047791,1.1798825427187873
-11.214205719468865,-14.3569955747135,-18.03919717979336
1.5872034844749017,0.6988345396880956,1.4960743505671046
0.8499464262670922,0.4417973136759804,1.1148852862520204
1.0496335911524362,0.7853013350947954,1.2239857254477915
1.249408656318295,0.7529767345137126,1.3369385130079523
1.4020175569835023,0.8665461381562012,1.4360923905707637
1.2500683069074943,1.0915917868744023,1.3033512541082952
1.275819664066,1.085015523851423,1.437706935346823
0.5351476015128648,0.8439590744142794,1.1066589085624967
1.6369296724593716,1.1779408268796647,1.6734807878692113
0.906030641497107,1.1645769198372982,1.1799206299046223
1.0128271115211827,1.1215825904868835,1.4263278727829556
1.2767685131248039,1.3306921625173815,1.5188832944916768
1.2802293874295472,1.1800085239504674,1.508059644703103
1.2691605511914308,1.1726621655285632,1.5853410452918109
1.2154904958129478,1.3606479607905704,1.5128089360221049
0.7725307766704291,0.9394034573188178,1.2232822155267633
1.2467581186086782,1.173425423546488,1.4230525789138622
1.401438574957563,1.3356227085633732,1.4771573375477112
1.181091299079028,1.2115633792497684,1.3499370376895279
1.217818560962958,1.148158609422612,1.3811034350823281
0.9457272929932424,1.004337257422662,1.361282718917183
1.1059096064879688,1.0993283351722427,1.359853367509209
1.098134704994562,0.9121037206250967,1.4313060126450112
1.1117068495954952,0.8644820627771698,1.4899007898487542
0.3854227893566468,0.6056627971552887,1.1746581947747883
1.153271382723307,0.956608171778396,1.5485632600639423
0.9105147523166415,0.9594994662995493,1.3214347073582058
1.1498618013930864,1.158376902212962,1.5225284777172423
0.21535777603507683,0.9958502996448181,0.9590743608909039
0.827002217049875,1.009306697883529,1.3377472816265463
0.4034345930111429,0.9363960542582188,0.9563115498680129
-11.27235287163437,-14.038163282968512,-18.3239048458784
1.0184676723825714,0.947397907283366,1.30929380102617
0.5999424888304057,0.5089777768274673,1.2978874007801724
0.47159722464787135,0.8276776612201888,1.2023230194316528
1.2103916061229028,0.8860958358530255,1.5583336878915877
0.30353737065440667,0.5710284051292871,1.250545866794896
0.7814304835075934,0.9834574357191377,1.4585705651935665
0.8610892836018005,0.8288676461831566,1.5444681562078513
0.7020426241158536,1.2676725235922173,1.3520914579729046
1.0181616638642947,1.553273497103297,1.3225654891431278
0.5250362731315387,1.292852419062902,1.0703268809866666
0.880137408258457,1.417047531111487,1.237699637700353
1.0566227239131099,1.5414293193673188,1.2458040246392879
0.7071071205374475,1.4581578798044355,1.150653997233831
1.2924122356278807,1.635258410139233,1.4782885162375068
1.0373715092574303,1.0864504957317629,1.3853771521228058
1.6744369439938462,1.6492578575700274,1.6861877351981325
0.987154716638596,1.4943733792612481,1.37860701051703
1.7140896223507036,1.8326159217002218,1.6751641214432471
1.4373076384045995,1.634212647189203,1.6232199681309454
1.4008857124214928,1.6244707406293148,1.504802105268753
1.1493719461851806,1.3883594569379802,1.398989188958984
0.8880174641865924,1.3133541971780827,1.332978407077396
0.917199027175969,1.5599425666228466,1.3692806020320318
1.2270006499747972,1.6542980605378899,1.5480605702395152
1.4126094287195836,1.8968472440932165,1.5099705940840944
1.7102086938773362,1.623137700029036,1.807866795934834
0.9345199920287853,1.1781836333731712,1.457945168420814
1.323063723089076,1.2879211845178824,1.5954613136369615
1.3283861392809488,1.4276187049951776,1.4500360946428674
0.946675852958824,1.2624147427688805,1.325569949175811
1.685368550483706,1.426057303886554,1.759745629544757
1.4586004381502307,1.1347289799530764,1.5488346608368475
0.9233021440091309,1.003201938484881,1.2900894411915291
1.0851271990244828,1.232678348617448,1.3801515985628425
1.2532725095125592,1.2556566031541416,1.4666474574040245
0.9417949066900541,1.176862028407839,1.3345354124480422
1.8476274123390923,1.4887207258820636,1.809272941832914
1.0234417819998582,1.0823628707997948,1.3682853699552144
1.5820929543090794,0.7707449160900653,1.783977765561792
1.7073056042258665,1.1373914226515711,1.7874854673054996
0.5747078665136655,0.8043968671550773,1.2718918704558215
1.4846733785772621,1.3212264861954919,1.702566057635629
1.5624081807408259,1.1283406176282371,1.6180564718377053
1.5996201168519273,1.1457495001322209,1.5973882591251407
1.287048268942022,1.2289846597818455,1.4006296813931804
1.4011403005562466,1.4577691638067154,1.4560719416339096
0.9845626935759497,1.4358335300880003,1.1382201376550967
1.1849935707637114,1.3128778114847104,1.2936058264894963
1.3237022804016132,1.4420666527176156,1.352787160510038
1.4638689555531395,1.3934198691568684,1.4091460033057766
1.6950880682659375,1.4668729461462677,1.5006338835534256
1.807151368620507,1.6278231210373666,1.6044610232475354
1.1070866920664026,1.3793679129654863,1.2966353276693352
0.9034986114839096,1.2749621623246057,1.2427788963755446
1.5640912553536808,1.6235076721618622,1.4986797979879098
1.213927845279912,1.6411619883357067,1.3497880135960498
0.8249601992090094,1.5326595832483298,1.234184617076843
1.129514694959584,1.4396231956277699,1.3977001332694856
1.8049260345299785,1.8584649791035515,1.7009064787966923
1.5517257665917097,1.875743314404973,1.5462420615209782
1.693085486922815,1.6477130624010916,1.580399750739281
0.9549072017625879,1.463302697949858,1.247777388760287
1.3175173206398283,1.4751298281022365,1.413939721795913
1.111420415048683,1.3509866793697654,1.3176496770377923
1.3485404291067613,1.4452892173832608,1.374473671971072
1.3176902923468603,1.502410093641642,1.3665843459819946
1.9300073685484251,1.518629475545869,1.7678550846418153
1.1468634237271107,1.0349858774960938,1.4029209739330193
0.42642267556182273,0.604430228869285,1.3092568621176548
0.2325553908014563,0.5806737838173334,1.2168296598329142
0.43571388678536527,0.6984563984275501,1.2960222143353226
-0.16730404775472552,0.3335720901200162,0.9660739706164949
0.7057952667492647,0.9253193758982738,1.3878508327189578
0.5115661991097581,0.7085005961645463,1.3416832056753654
0.46243274198308787,0.5878534303218365,1.2646736740820088
1.1719111583676032,0.7148196296430305,1.5819575057727073
0.6707897681741093,0.7178190990370206,1.3352639645536573
0.9080924419128343,0.7947116007563091,1.4313467412126846
0.8325410160067779,0.7419497948324495,1.399051654987852
0.9871109640766899,0.8207472821042712,1.4747422498098781
0.8917780994249012,0.6222001719345986,1.4997067917878668
0.9870284204011762,0.9162475754575483,1.497865595668842
0.7689672802550482,0.7344952494899487,1.3729477886173893
0.7019517249058798,0.8157267232716343,1.3418933414351364
0.9010322660217311,0.7879230078089655,1.4011150551080203
0.8245926355726801,0.5678173660092971,1.4818308577771313
0.8655671964290543,0.7565774177650645,1.4078631993277055
0.7833931731076912,0.8201537439229845,1.3820860259101997
1.2724135990683438,0.9004067741647277,1.611396559763866
0.7694967752275305,0.8680928023073463,1.2540335553524669
0.8751298249649535,1.033135615237697,1.3075245296141251
0.5882599243839087,0.8043656283033838,1.0607475106871451
0.5197827679013847,0.6014433111074378,0.9222667412721457
0.5443118868554074,0.7983134638439506,1.0460716239150814
0.4267339984762774,0.8270237077467122,0.9664443975564865
0.6446372547047522,0.9714466263080584,1.071440701143117
0.5260219931073552,0.695567192208421,0.9808879065857719
0.2087847064285358,0.5134673065037652,0.7771866088835464
0.47886948856925443,0.7626038227846373,0.8451422382666964
0.766106498465629,0.7812564347494205,0.907622891323777
-0.1378031683658845,0.33037758673828116,0.5799597210030745
0.19831372587713741,0.3058899000702986,0.9109182907355061
0.5962932359380363,0.3413733471416267,1.1234713405053591
0.15114442136654874,0.01010427593653296,0.9724487406441653
0.026234483503485326,0.23614926976968525,0.9220359326146472
-0.16657980696184724,0.18942316836734027,0.797394980490886
-0.45279750863419665,0.07252337364468746,0.6013250021791012
-0.2283446566752943,0.24103854053720045,0.8212091884441066
-0.2624351946291159,0.31843591936424415,0.8939988757606734
-0.22096103518650595,0.26443394470418147,0.8896597084020368
-0.22145708375768072,0.32444607157029887,0.9568256874286899
0.05567679207271092,0.26447351509772,0.9805262140724389
-0.23450672148915308,0.28922706677251764,0.9598404082877904
0.12322706735281681,0.38081313296692315,1.1096656105200216
-0.1380450159999895,0.34583802882917913,0.9695037508105376
-0.2331719000510181,0.29385862619126235,0.9251005241268404
0.27615544693544286,0.570512896601643,1.042216085973019
0.07999948593961476,0.46992170165812186,0.9853753860154192
-0.09503573328444548,0.0761768222122246,0.9608742960054171
-0.017506879296190166,0.2733565170866019,0.9461389762639191
-0.028059671635130352,0.4508906024584762,0.9869756441215793
0.6286279088544344,0.5745149999471841,1.2398394527695276
-0.09322155235541328,0.5038132932589746,0.8556213394283297
-0.07876315730981837,0.33375777424147546,0.892803261018447
-0.013227850399150781,0.4240512521085163,0.960106851143445
0.003913673090448957,0.5075045800708481,0.9572111562581389
-0.14080068843309412,0.5509927485565904,0.8758051548512551
0.15018100685150043,0.6856448379762641,0.9878143477187679
0.2938873148702697,0.8307225735254885,1.0954158053199248
-3.4438304940070052,-14.993709194860033,-11.805297969318714
0.23422610640273886,0.7382828103852398,1.0463019856730864
0.5107087547615878,0.7111132790805771,1.1421466841877088
0.7869221731814192,0.8143778593686043,1.297165291917608
0.14699509129235985,0.5571687919608412,0.9783996183445639
0.6320053952712984,0.7924422483219589,1.1692978440720219
0.79263806475628,0.9101341321911866,1.218268519332068
0.620039239425692,0.8054933508476598,1.1530780536592449
0.2530465377375425,0.5479281267703755,1.0680082057972728
0.16415052000892924,0.5233846533286032,1.0355615189535163
-0.06799129714074463,0.2741900541924142,0.9031399472012879
-0.6173248047977884,0.0968998679130845,0.7552006208004497
-0.5936706791850502,0.1001898196365879,0.7935761264085304
-0.16333029709846056,0.16408083156941478,0.972203008498425
0.025980930865651005,0.2259455742547631,0.9949847433844443
0.26584432814250175,0.27665083140852526,1.0586848648124803
-0.16907562062223247,0.1241217854494174,0.9147377090984041
-0.5527570643065643,0.30855232157102946,0.7286168400296292
0.3778203267791985,0.5440229651188633,1.2138021672778811
-0.22190401908129034,0.11384715828584759,0.9348727123920716
-0.0676895422944297,0.11703293088207287,1.040602198310161
-0.18037088774603294,0.2735224562105794,0.9740399059380302
-0.007631582855553706,0.1971573452669268,1.0432932915067918
0.026397618808078744,0.20185667896103393,0.9632227970295085
-0.04595641770838674,0.14549995439805866,0.8865686229852807
-0.3361219778293918,0.07354047880520566,0.8214112151156641
-0.03137651622591565,0.36130898009764134,0.9715417784768905
-0.10937366631470774,0.25580094968015027,0.8977880458928914
-0.2239116082998586,0.24471788048981247,0.8845149707432067
-0.2546977182298684,0.22984510872024091,0.920106469049767
0.15426357242012395,0.3992469448116184,1.067871120814199
0.005366608099272978,0.40532341920905257,0.9841098220296884
0.23639059143462607,0.5376305374024467,1.1322150042380232
-0.3451953276792782,0.19115607637345905,0.8760933541245708
-0.10524141556374521,0.35841358782615673,0.9867023759239277
0.32421878661042824,0.8177086749480715,1.1755563820966586
0.09764992566735617,0.6651380223265395,1.143120005297237
-0.040190342574407435,0.5453991759328278,1.0793060706417181
-0.06333585543575633,0.5419537825230537,1.0393059741344872
0.24938735017123861,0.6514156514828514,1.1579148555433239
-0.16736884482324355,0.5671226733643803,1.016982822812682
1.0959237166902769,0.6905482461042541,1.5089126534941646
1.0262907323393067,0.8918372790643205,1.4343814266558654
0.5211519162569385,0.7481575625448067,1.233412682465058
0.44047893172888286,0.6771803959027385,1.1978609512080398
0.1569580656953706,0.5047526877425578,1.0831200299752841
0.4767820107221233,0.7582467205594483,1.2249807287277126
0.23414734368788517,0.3758052393484995,1.2390556724121784
0.5403065350267557,0.4397567364746316,1.2405632078308269
0.7552214243054364,0.3793512558337919,1.2793719574137716
0.7077075013753178,0.4890504480074709,1.176552411184635
0.4995724918427197,0.20861708087531258,1.1101603157266133
0.1747202376481912,0.13042082970900548,1.0620176663048537
-0.05668630193867806,0.17140642027638017,0.881851583026425
0.3831457315689049,0.3787220187256664,1.084363876292974
0.1704682514281132,0.39991064743590826,1.0407641537713712
0.38223091050300567,0.421058670891637,1.05211696610608
0.44709164438968874,0.5021190282083084,1.1139158168442655
0.7196085854769588,0.6242768597346163,1.2718797240923003
0.4382939399058601,0.5025964677123481,1.2136305485399852
0.3925645427819213,0.41847264757565916,1.2507349226875901
0.6884475372092361,0.5257522836558991,1.1971478725836124
0.3888411336416031,0.43290911228428314,1.112942304346295
0.21717829302860633,0.25378766002532976,1.097571381442477
0.34696947522731164,0.36308098203740824,1.2858734466965023
0.3164312308468528,0.39537409640984394,1.248687973471493
0.2861173410285738,0.4988529885854709,1.2478484701627985
0.04852512419040063,0.4991163208413234,1.086932257265533
0.3792785784403381,0.3676664706927831,1.26510245938919
0.4673240191288717,0.6738156150504728,1.2735481367771444
0.24355723445763072,0.6551732294169434,0.990088992939338
1.0145720135786405,1.0751941490849806,1.3969051078964219
0.7855393086690036,0.9221236034512992,1.2991459496838453
0.810560149714092,1.0870614771363116,1.2046903235533646
0.7540933028989714,0.8305654554609658,1.2036266194018035
0.7058922881938805,0.839575345451796,1.162230749727601
0.8329193783675314,0.9312640914416691,1.150255485620142
0.7621274101174011,0.8854426212787031,1.1300016129338768
1.3772620768727553,1.16188706747798,1.386636858181475
0.800314579349749,0.9988400856671368,1.1108937098273433
0.1689784140982199,0.5675206916038855,0.7115095259002191
0.7006382038098683,0.6624225851476888,1.0316946479400955
0.7261904060327492,0.6431013044744034,1.0459290284819318
0.9004224169414952,0.6988241038518617,1.1054015868800497
0.2423992704055851,0.5092224364944954,0.8388829630106605
0.6023704068137476,0.4901694180140706,0.9956865503831835
0.8482171705233761,0.6155705903437646,1.0927939771254913
0.26416353430322337,0.518735027380619,0.8290222821909745
0.3490146749275522,0.5166567678373082,0.8683083091226915
0.5511978141145087,0.4343539261502912,0.8875938175180073
0.5015456211394813,0.6813064200320074,0.894624525963669
0.7308953955322727,0.5737166910933813,1.0286136591649078
0.8717053815507987,0.5968907697501489,1.0739644300893159
0.4526400957953746,0.8078165367068849,0.8601239930634312
0.9956935154722033,0.7570980755189748,1.1806956754726268
0.8980463382842835,0.6358601386638859,1.1814122943597312
0.8246267032622269,1.06978679202687,1.035433222616758
0.8667557686893466,0.8291489712531106,1.0697165920221008
0.6432668861383288,0.8431786125259054,0.9698319805454039
0.8608877775245011,0.7000845181946295,1.1696267157924356
1.011628301308193,1.034290940388873,1.2059051148488065
0.5938413602535922,0.7576480526464315,1.0501906703029575
0.7319833972016148,0.936861940857009,1.0628568676161299
0.9290219385914702,1.0581313157280923,1.0805797650674185
0.739703474974111,1.06697101579174,1.0151273030638062
0.7562831287542934,1.1987581230849642,0.908491772714384
0.8307277206500658,0.9288160974838153,1.0767333115279432
0.23095329310086438,1.1772083806206413,0.7471330324366291
1.2712076115620392,1.2669151084686259,1.3313533160723037
0.9297002443055604,1.4117799988392772,1.0340941733843454
1.305999528352233,1.2226378871767742,0.9851409532483185
1.3594023893461311,1.3999765681534986,1.0618834664271826
1.0730641239677692,1.2858798776827234,0.7467696440284577
1.222143394870695,1.245776228430834,0.8967682210507774
1.2871803365049757,1.465457951122299,0.8668370863995494
1.130241697277466,1.277114918718954,0.977763479335586
1.163818580294572,1.2941749479518927,0.9959564761519701
0.5532739513381082,1.1419110091139113,0.6753281487581555
1.0407214732766106,1.213569350306199,0.8557081038453318
0.7166584666980341,1.2126126970425104,0.7606462951206745
0.7464912774118174,1.1985125094493314,0.7643384188824413
0.6200658664177543,0.8961315793387609,0.7960643559394941
0.4257284448264423,1.0046873276189203,0.5295159933313102
0.6123448303293872,1.0912563185742041,0.6352453787896146
0.5469583959718932,0.9018439861157902,0.78621562982949
0.9387671289367602,0.7581459622225329,0.9286221583292867
0.8742828806076711,0.8744618316584775,0.9744393658624055
0.6890285176939215,0.6506623938869583,0.8892165555465279
0.33851037546076723,0.5541484112718804,0.6869838139121088
0.04144718585647509,0.7572406920248842,0.5189273080970781
0.0731308572126548,0.6721918203557058,0.592226472919453
-0.02587963329947835,0.7735418270206372,0.4426613707663712
-0.004296469992843449,0.8276059366192808,0.4666264991308829
0.5221557063100288,0.8740046151905236,0.5794841514014354
0.3533486990263564,0.7478949057708848,0.506059200847037
0.24143315158820478,0.7425026676274806,0.5043192252965604
0.23846152199235673,0.725289824085038,0.6896842423748685
0.542309911747295,0.913058730599132,0.7211741564442511
0.9775467463235916,0.965201926312535,1.017626425357233
0.2935179571288231,0.7526844626333461,0.8616783508119292
0.49108016680863104,0.6715503721864714,0.8599079562466937
0.31540826765395363,0.8876180069143399,0.7112844312466282
0.8467760787993246,0.7021398025066352,0.821982192838423
0.427302018760141,0.9432291707214777,0.5635888826458157
0.8313687364649541,0.7054485769697707,0.8961480119915946
0.14202663098540055,0.5938919723622129,0.6003291181583574
0.5725026160268863,0.8755835160063967,0.8312514251662553
0.47383208113225317,0.9842750718079163,0.7347409021686645
0.3440367726848187,1.101196192495055,0.5687231107523087
0.6151094060534177,1.1134174071859129,0.7849954183517134
0.4592161537921618,1.2470539609637918,0.6535106508120817
0.09716690868850533,1.0416137069250264,0.38911545805424463
0.6529897822944968,1.1731779937493956,0.7645152435730613
1.306726937746811,1.4391275454655643,0.8303395617138306
1.627076781887353,1.206882945095741,0.869212238080768
1.1822311981015028,1.3884028988136532,0.7513806223453173
0.9300598988914711,0.8945818276868877,0.6741691641912877
0.8558896702907647,0.7816774199043109,0.7843006089289123
0.7171093192767484,0.8466464212401131,0.4806699118674492
0.7739805120028442,0.8569692158140847,0.6648485932408955
0.24291949547334318,0.6196004008137057,0.514752237768229
0.3329318215009329,0.724370387448922,0.5479154083379804
1.0728352582465241,0.8762014759877917,0.7916667725274222
0.056829912034891954,0.7658503827401502,0.34825956812286457
0.49049838989817635,0.5491794619692693,0.7231889125410688
-0.058146967903431664,0.4723138725061995,0.3504868413235604
-0.012687323720921073,0.5966222430016193,0.20831703690111522
0.35935408909656463,0.653182228208006,0.6435136541214205
0.653313176533499,0.5789803545886979,0.7018472273829739
0.25528957353621134,0.4279949322427835,0.623685277679308
0.06298395758303345,0.4958272911831072,0.49438072952219836
0.3662312789723759,0.5200512588843382,0.624492266998408
0.001645606988562146,0.49377875687302264,0.36881608638534297
0.2068523926990535,0.6405841779115287,0.318230832677549
0.07642722894247296,0.5985117486125565,0.28483531743282636
0.7137835170622497,0.7355839540027688,0.5664706936196513
0.38259371499440753,0.7716859503476703,0.548615208060964
0.407875461667111,0.7243323040181917,0.45466790519059885
-0.04729065217475993,0.7405009654406695,0.33429770389638136
0.6846811075902814,0.961089986896796,0.6484943515918293
0.20880664841821872,0.7832960827609116,0.4348013686075313
0.18978655027487223,0.7496105114897957,0.5261801897985428
0.31759921263896707,0.9094021017677683,0.414144215725135
0.14186487671336698,0.5987130472735748,0.3403888547826452
0.011625535725153277,0.8145033406459748,0.36867194532997677
0.2625827375077429,0.7783205312499161,0.43728418793772744
-0.2887677365502215,0.8785609324641821,0.27869888758972705
0.1468337468421409,0.8673631065244218,0.49952796994765375
0.25391788855971476,1.0943787866792183,0.3678617059884543
-0.12312986012218945,0.8545798483347326,0.10903200588412457
0.6204597156671792,0.8091880144581731,0.5712313232344052
-0.3712507645711208,0.1289667377506937,0.20353359720595637
0.5916355621163681,0.20525045385201346,0.5139988467715265
0.588172234410121,0.35548316671105584,0.3873682420208261
0.24608768561633046,0.2798615159532993,0.428001809955606
-0.1961888482660503,0.30983388985700694,0.055148204080821855
-0.295403807870184,0.24994682676605176,0.02268994651293487
0.32955834867500516,0.30307036530489995,0.5584407909423316
0.1856118756213838,0.29213268132655607,0.4756856075380702
0.08508688593210556,0.17682483179069444,0.38355698674114014
-0.35714580782111105,0.3783649882716649,0.211793423001533
0.03847282154161051,0.20577525011643466,0.3862102006979436
0.4631931035392104,0.09551961062359662,0.6200359005255818
0.5021870279816572,0.49155938527377263,0.6033829520315854
0.19326957031081365,0.3975359048595091,0.5427594394892743
0.1013598409057962,0.5970946762050988,0.3886826229683004
0.49703574827656977,0.35327168751654214,0.6317996970090844
0.1169915238064107,0.27984109913238125,0.4391536002891445
0.4798554226373326,0.2971093987681679,0.5912664696345805
0.42754419601898147,0.6237438666613743,0.5203386339170168
0.2087483260529187,0.6662195020491357,0.4096214283775889
0.5158570187610672,0.6253753759471,0.5947014703067047
0.6442687906826423,0.7810795973404837,0.6402534877717717
0.6599165352093517,0.8136764777933012,0.5585316030533912
0.5306554569161742,0.7264708054547171,0.5834637307106203
0.49620852086228945,0.5444287057369465,0.5690078775031382
0.6937156760410822,0.7649651804012416,0.727176166788492
1.0585422182063633,0.9333092006819627,0.9029192564799255
0.9549022288449008,0.9139287052119583,0.778063990059984
0.7412468689349873,0.9203576042275861,0.6481394662660537
0.7701200771313513,0.9730529045871639,0.5822651529233747
0.3827373271064209,0.8754169610634546,0.4398588277030721
0.911837972717756,0.7515620450846962,0.7510780291413751
0.7121416913742767,0.831382095923379,0.5181127037407475
0.3043869121191398,0.6456918881125797,0.5586085389368326
0.3773839458816684,0.6757828733893457,0.4677774542715921
0.1968085714353942,0.5914957033551294,0.38524618515236014
-0.0014746395533310848,0.518705212058088,0.2889839943583852
0.3854960262222928,0.5943740354855669,0.4105183656987457
0.2013833777669208,0.24758170544659994,0.3289955058556754
-0.2947802460288958,0.2857490753174008,0.12247520929770472
0.422678650011311,0.4172275423478596,0.37158033469463597
-0.21478615476387874,0.10408434795363881,0.11844676956785556
0.16288595090114766,0.15162591393485092,0.3548787649467568
0.16677047770711306,-0.08518314793376319,0.38794992899832564
0.054378586233689734,0.11209638106706214,0.29550735818889207
0.3992526932961277,-0.08329236449302017,0.5655838477858728
0.011313122255155326,0.0482220661608829,0.3308118749147894
0.3383580665445959,0.1968452703343235,0.4569776265747739
-0.040762503380177104,0.08559089088384221,0.3400894389386864
0.09475726313778064,0.2528020547907353,0.343348503251166
-0.12493974045911309,0.13380544108331338,0.25248226699787596
-0.02096817306574113,0.19054929536223722,0.24229813637032271
0.0811973132131453,0.2334899494486248,0.27437173482522
0.12415173523264687,0.3247663821893077,0.3499067614667321
-0.24905308011329477,0.2267241484870638,0.21990530029461927
-0.30598500866720507,0.19003966761176977,0.1994524194813771
0.3975821474210338,0.3862396861952078,0.5245389873660047
-0.5075784688467851,0.341568284378518,0.1608177240390747
0.3726035999349483,0.5959713953594596,0.4618366228740199
0.4798253080188944,0.38043477567844936,0.4675481675523322
0.4207776908265299,0.6862762710721765,0.5327006570720244
-0.6295244003265275,0.3830227389681605,-0.001143587406181306
-0.10553536887352256,0.19885023370841776,0.31995438079084937
0.28090803286088323,0.6227781532891546,0.3293704967400518
0.2844192927887827,0.7001009404200903,0.3831340586312889
0.16642495202569474,0.7081819181300948,0.3358636513601593
0.3284421498438916,0.8689978662587682,0.45580077078864034
-0.1113618695570785,0.7912910232497546,0.2122872775624069
-0.04373127737169584,0.8341185943846781,0.22630418995067045
0.005328224940196602,0.7063010610244125,0.1030451589723363
0.05907044697993136,0.6776945687385049,0.14228690128176416
-0.16682742931756395,0.6661874666469341,0.0122184938800453
0.5847366127641751,0.668026784199212,0.41764766640522505
-0.06692302581701302,0.7348064826139885,0.07195806234991328
0.10360613892681524,0.3878434185995334,0.20295860796303047
-0.3747349852591583,0.20031047751508319,-0.011586944414464085
-0.11432651022431016,0.004268022843971259,0.13622319659549273
-0.35237052306236777,-0.18841122386369452,0.13714091365749836
-0.3840888090382614,-0.07691595726142035,0.056183708988176324
-0.2997760411864319,-0.252945212772362,0.10020343334837549
-0.20036526262834323,-0.14721180473100517,0.15574416775140712
-0.30957793118271165,-0.0009233627387862172,0.030835763445484627
-0.6064093532421712,-0.07648833490222243,-0.18009013136046315
-0.005052375817621282,-0.011587276544877819,0.2267149090333708
-0.45504940814586153,-0.10187558132851843,-0.1466867895717072
-0.6573631251435216,-0.241046784114959,-0.16951664145182468
-0.3092314135529225,-0.07448912504775958,0.002295569736036695
-0.28505758086966276,-0.1794975315574054,-0.017189382648099785
-0.8835325865525375,-0.3509746011231515,0.01897488132369016
-0.970365660523367,-0.14717795722531427,-0.1214124651264825
-1.0120747605507776,-0.2973115529719301,-0.15708677631687745
-0.6594299371673864,-0.13868897284056367,-0.03192960575487288
-0.49679362409528016,0.20668171194912857,0.0007581616693776768
-0.7935208713079974,-0.08210102295724656,-0.15478028357476353
-0.40516530254506744,0.08353640314449753,0.003655945406537385
-0.5145244669681547,0.10061737894762621,-0.008377906502074667
-0.42716030745720296,0.05481505864619715,-0.18749716375901512
-0.649917719023533,-0.025657684376783715,-0.2700442644317785
-0.13084294576924108,0.07097141682487583,0.011045384338014929
-0.5896594037478576,0.27800647580538335,-0.15081705746022117
-0.044289221488818066,0.4717078043971632,0.10151902851530703
-0.35124812768368113,0.3138351179171307,0.017500368272787625
-0.48540977459641405,0.4020505299954012,-0.10100385316492871
-0.5719644426542447,0.41314724862908536,-0.03011285842569111
-0.271517914871912,0.6116803125012599,0.025262922712774045
-0.46894338185903545,0.5060958650035977,-0.1424272592985849
-0.34510089770513475,0.7409591305797012,-0.010910552927062146
0.04877427223559539,0.5840442554461078,0.2655171913450329
-0.18649478892735705,0.8492564693071736,0.08158293437115313
-0.2610273008519559,0.5509100930588472,-0.015311148607400035
-0.0756801289617488,0.799459399302145,0.002467691538373729
-0.5548240716437688,0.35669010197943224,-0.03755874646064356
-0.41861182633956745,0.4203950631219048,0.10214481724327357
-0.8475288413374029,0.47475401190666705,-0.19062133685063526
-0.2934234661146272,0.36278805995364866,-0.15830786470924055
-0.5438719174970574,0.2939535307709321,-0.15265724669041952
-0.17164242278429911,0.3982774497123477,-0.03643760927012436
-0.4514394639064649,0.26832862402962576,-0.21236608193691742
-0.7544471857550897,-0.27890179793393666,-0.3099073694169416
-0.6744359995458404,-0.06705966998673579,-0.25965649300590643
-0.6214895616908227,-0.23633287615498957,-0.14751911524249844
-1.037829623836905,-0.2758599803251864,-0.37731960660773584
-1.199167022061322,-0.20470910293008074,-0.4337171234126575
-1.0136435548738398,-0.15379729935859704,-0.2317317139719245
-0.5991583612790715,0.12359217293441845,-0.11544011261508128
-0.4515774935042958,0.022252002416806506,0.0031244761695647296
-1.3014177627035732,0.12274563181969168,-0.5147303984593979
-0.5146373558192197,-0.06676875606999773,-0.08290747311010242
-0.7617349339163683,0.10129126607663674,-0.1441649835946946
-1.048421922540482,0.09685813862872479,-0.26510605619465605
-0.6948548181104335,0.11938926133269608,-0.09492152584156001
-0.7366087498672119,0.26724737137095217,-0.13497166674175273
-0.5625175676863281,0.1431788522699733,-0.10451288815924172
-0.5992482695849415,0.12092407365120834,-0.09632513983917071
-0.8044243695370744,0.1220751828901407,-0.10813889098668161
-0.4156637707913629,0.23000862267010785,-0.059106358834308786
-0.7298091972094282,0.11828481868458884,-0.13965634782096603
-0.6404257876942382,0.12597616419967264,-0.16668129147482383
-0.546864774625609,0.3443671670239663,-0.12884219745302483
-0.34521858594166954,0.46638059595448306,-0.01215699936155564
-0.4804949492045567,0.4851509021570411,-0.11408763209634903
-0.20646807132869596,0.640245767263864,0.005316091742601312
-0.677974223038576,0.4996594082771995,-0.15937522771319373
-0.5323161765068396,0.17755689215845555,-0.07598821456196037
-0.6054406414343649,0.4463585566963845,-0.18712126225183062
-0.6005755841317154,0.43649980729897647,-0.1836893628015667
-0.2787741574535866,0.556140501598971,-0.009767678796320872
-0.3618772202690929,0.5928788615992919,-0.14574404934211674
-0.8554738196335266,0.40314489441263446,-0.393406961679636
-0.43686970465327474,0.5805795173036735,-0.1683941270644328
-0.4009657229406406,0.6401695556027946,-0.1118246773733413
-0.7618175523596038,0.5482291723629217,-0.20876126840857429
-0.8476273811144448,0.48304160327587325,-0.3267451813937969
-0.6793701778812524,0.25695030994453916,-0.23310591774595268
-0.5162034547424056,0.09245187142691291,-0.14561425495217128
-0.7656481321815983,0.16082919393298473,-0.29125203377197756
-0.283115731690446,-0.08616301717959216,-0.05676057593687926
-0.2759789608941322,-0.05885256089026231,0.046373008787744203
-0.7745677243945411,-0.01452207642365308,-0.22778054556950325
-0.29334012823234445,0.06641623921517636,-0.11660274537195098
-0.6076972203850023,0.08479203365250951,-0.20738609740846273
-0.5090010682946537,0.007796735848105963,-0.17658125396931942
-0.5463555227965067,0.05262580151097514,-0.10987097629673262
-0.5491482748417096,-0.058439832154472945,-0.1015412729389454
-0.5137600504039449,-0.012080762982262782,-0.2381630188160323
-0.36670999037571067,0.09977902737462417,-0.07320130831061315
-0.32778100992963904,0.040907770322611725,-0.20215763526699734
-0.5387982986186204,0.08340469191642806,-0.16554069530949964
0.4030681468197607,0.5264110235775342,0.08927091104046898
0.16828758350108775,0.40602611615873807,0.1182872470613394
-0.19868499443231488,0.24310223981875878,-0.11140619245919905
-0.16714325980965433,0.4108247214311932,-0.0008996247664491084
-0.11121141888589267,0.4894348432275251,-0.03700241527098504
0.02739290124911309,0.6896355036298811,-0.04161089250564926
-0.05604298857627421,0.6238920182912654,-0.09299285623729248
-0.1347533946820886,0.7284054597865642,0.004773628820279121
-0.3320604038483246,0.44690436876316303,-0.07912606146994842
-0.40847600273665935,0.3850567902659236,-0.1881359469938429
-0.4447168392700094,0.5006134807994913,-0.25575925125717547
-0.19696043097080843,0.38215500679871434,-0.11741728531849707
-0.3129622419536509,0.5116617097437295,-0.14305378917986808
-0.30131158348207476,0.40320163923433355,-0.1734654257969979
-0.21688664569083654,0.5618260692163694,0.006705895869717084
-0.19967104742177816,0.5292733999977791,-0.06428623644452315
-0.37806363127529896,0.4487983551972796,-0.13276061986327092
-0.2770042465601236,0.03624445829138939,0.06427929037983515
-0.4886114822679628,0.34168124546654577,-0.15697296132390515
-0.8054257647937204,0.11975323724125815,-0.22561900570902443
-0.5723316667632857,0.19271464028537827,-0.28314769693955183
-0.45543823333785605,0.26468482748698835,-0.15755780048953955
-0.8013393310219383,-0.02976740301527359,-0.35909526357283356
-0.6530297474139812,0.12159227009533188,-0.25767878823793905
-0.6748874083818297,-0.4643884039215407,-0.25340101657753633
-0.7082523315098554,-0.1438341437159783,-0.12846297902308057
-0.6397560923130192,0.05080460731474182,-0.21428879748520777
-0.3893766909467393,0.009859543939940105,-0.09622738293918749
-0.48919298900332375,-0.0067021765117591175,-0.3046949797382224
-0.6441611133110731,-0.11710762105744948,-0.27640112471044237
-0.6427094455290725,-0.09955131355861609,-0.15905959594934319
-0.7256223725736892,-0.4457645926288973,-0.024034375072832407
-0.4080872619160321,-0.05686443923192376,0.1384275829945224
-0.7291416584688111,0.01604122510454643,-0.2875893750696415
-0.8008669165687353,0.21186170352421582,-0.25674652299485634
-0.48338346861508774,0.1139154430750639,-0.07320344439043508
-0.43287050678258904,0.06910302498741823,-0.03682292694646399
-0.6014716776902329,-0.062053692943430085,-0.05514310514637414
-0.8525895002758169,-0.03224938752573955,-0.21689545819411424
-0.257565584329784,0.08006992775247189,-0.005006013147863883
-0.46514452330862677,-0.22419752017718775,-0.1216032985502964
-0.30083144270824946,0.0930489644205236,-0.005181730446204876
-0.38514432898719203,0.0709795596914519,-0.026437342049437346
-0.48674381945956213,0.16178845163213917,-0.35137350000747586
-0.762192456610997,0.15449535726819869,-0.3450262749442083
-0.5544312397160831,0.17010167924738576,-0.22847915020520157
-0.3110056428210694,0.39354511173021206,-0.1712430369673008
-0.5000077637261238,0.2878754840471236,-0.23933529505812934
-0.392437664214979,0.6134346306357737,0.0868085513491633
-0.43253827400748945,0.2869165009579178,-0.0353917524545832
-0.5607139772835187,0.5587671077080865,-0.14497369667770119
0.13404814489978334,0.4757766434270102,0.17347696149464184
-0.5304303033853026,0.6483675120909702,-0.14954487166069277
-0.05887588751730841,0.43836624425523046,0.03327629308620266
-0.5241398474753516,0.7529138704473007,-0.14748074618024798
1.248958327539792,0.8506065879730867,0.6125672068042499
-0.1099747951942377,0.4690133476172761,0.07980976006408975
-0.2403066109735092,0.4324892270310921,-0.06675081394019237
-0.35639053319087605,0.5411049477059349,-0.01958652913263219
-0.45286787583578425,0.33039995327357874,-0.1713053769663296
-0.17995698091644918,0.4632739091571317,-0.022567823544540688
-0.3712372743013384,0.3568488860921225,-0.1082376638236324
-0.40084286795810536,0.08470146589851775,-0.11284099787904298
-0.31940739277854385,0.5512685133853568,0.029721749581274385
-0.4601950845555404,0.48014125200930197,-0.036227197860726694
-0.15686515842608567,0.35188064177217104,0.07416197517953453
-0.33010360053035415,0.31744257187458935,-0.018432404385069903
-0.9853041212230139,-0.12829686725394884,0.037922364147530425
-0.9217675420928424,0.23076927011303397,0.02511317817923675
-0.8292463998917801,0.1584222652742161,-0.10200900531363735
-0.6062465701190006,0.29696846770924673,0.013541446189251422
-0.5148938858352137,0.41382767065225645,0.10616104264692738
-0.6344040588114116,0.39242230663125743,0.026367433504477733
-0.9236719426046396,0.29739499084101484,-0.14607673653983122
-0.4645308908301927,0.3392480148560898,0.08841954615379669
-0.6654237360527957,0.4243411490116205,-0.0801912910303893
-0.5958342687788333,0.2991042298049705,-0.05735303548432827
-0.6005117801015787,0.15276176726468974,-0.07443976899274958
-0.5481396157846306,0.6158504976586853,-0.12927552697692693
-0.4017904667638431,0.6152300959645751,-0.029214037784614375
-0.07453549321832408,0.7517334586158332,0.1390401531881931
-0.4215742317885957,0.639942078448926,-0.010408137394270786
-0.706465139342081,0.5559451687184445,-0.19970552928305116
-0.6064521118460685,0.6539516017741281,-0.09538939717408956
-0.27896483270057904,0.806252219935975,0.061550734499126854
-0.6036061494713101,0.6973740002859529,-0.06480230880728045
-0.31027838119166423,0.683877958283478,0.037236560418836426
-0.33071257149159766,0.8335281376058584,0.004930653553232583
-0.5708775821621411,0.6480681545532045,-0.14416498359462854
-0.22844529211527245,0.7747244941480246,0.07170807018428586
-0.38821112007029895,0.7497452771794295,-0.07515971455681406
-0.30871468198868945,0.7583614731096749,-0.07539492855993683
-0.16296110384760254,0.668334817127223,0.09008621306126914
-0.4619036824160887,0.5506646438152892,-0.04712977732583427
-0.4442037968635749,0.3632734967676981,0.03165638447246946
-0.168679336616578,0.6983053014765627,0.11877423113120625
-1.0007141076027972,0.1292945260960386,-0.3109915573391679
-1.2876154189689664,0.0399627238487473,-0.3210203473068765
-0.9164626369519402,0.17419766221848806,-0.22038045245420743
-1.3448408958606661,0.000552269428985215,-0.42037408929561315
-1.193548489433022,0.09182798793786968,-0.384230914840721
-1.2373654238087206,0.13696656661724424,-0.3471847093271372
-1.2078070217977648,-0.07708803227700002,-0.3784767077527265
-1.0938516281393758,-0.30848315880661314,-0.25254737778503966
-0.661737276548207,0.1812448682303683,-0.16379629915069027
-0.7725108889794414,0.22029544099425535,-0.24716480088310125
-0.6834188843554888,0.1574914011215504,-0.2933648864264825
-0.5359595106501727,0.28075124566373405,-0.18444650814334634
-0.6723058149920035,0.0056017286657098165,-0.3063162762607217
-0.607564058894103,0.21419083014138257,-0.1724207049048433
-0.9508847082457338,0.20437218484121444,-0.45492846462702596
-0.7437950392633267,0.3678766808152553,-0.34864800259682344
-0.5632818336811415,0.30751269705114187,-0.2161233374720775
-0.6228552747679643,0.312119683886021,-0.2624488646526795
-0.5502367566090416,0.45272757529570584,-0.28882739975609073
-0.46131975860242586,0.42660401332732145,-0.18927986244618913
-0.33163619375941183,0.4077178839369629,-0.09155622495528466
-0.3202452473164426,0.5143384955135943,-0.16154948846573536
-0.7181330596829016,0.36755216635196514,-0.29612769563843283
-0.39438125980892563,0.5897026527733868,-0.1882388466240496
-0.15093785104365076,0.6949797211791604,-0.06783383226289504
-0.22698268603067515,0.7299408865338688,-0.03287999747075901
-0.23206089893954973,0.7748105629919309,-0.0685498310536525
-0.16478455259768066,0.8689616604297113,-0.1011221063589618
-0.035440087188237476,0.9766598699995048,0.11001250950982332
-0.5223521566403625,0.567728614883808,-0.07707409710343685
-0.36030033310497267,0.8956648096262639,-0.2037243055236018
-0.3856124682884285,1.030530172576508,-0.1867374187764378
-0.4123223906832327,0.8765677186465258,-0.05178442989804071
-0.12101099295805087,0.802027427034175,0.08497767508277927
-0.28183452848020607,0.8652440976252423,-0.14802492208847634
-0.07048238118051835,0.8183000695916676,0.00469587329549337
-0.2962849801963101,0.7254398886598219,-0.1658347128135297
-0.3566450428568283,0.7393286820996905,-0.15483845816112607
-0.31631557876812416,0.5673905633123655,-0.21440640448684622
-0.2773773767522453,0.5597224313780137,-0.09753320291793738
-0.5928448542419109,0.3533202388820589,-0.3492095950942872
-0.4433775346724162,0.11318329385093241,-0.10920694152877118
-0.6627263266592522,0.38755344056353075,-0.23941921667963798
-0.6403526090176059,0.1614937382475845,-0.2935354420245687
-0.5196386239909274,-0.017394555102219184,-0.21279144593274363
-1.0485054944177477,-0.04056564952787089,-0.5422359215305907
-0.758161412118321,-0.018108897136569505,-0.3529965094712668
-1.1106834024965349,-0.1625470960210986,-0.4592633763531508
-0.8623274561871307,0.007702833462971023,-0.315027863814449
-0.8521980094251255,-0.026837870048122606,-0.2367252086838767
-0.8905305422743145,0.1832218214358589,-0.23689188314012127
-1.3113176783571154,-0.11438201466156102,-0.47178932755419356
-1.027449332408363,0.008770324308887372,-0.2744658995705331
-0.9361956031143129,0.03714690852709622,-0.3993218334971017
-1.039473840597572,-0.02982755459974835,-0.5504684116446668
-0.7969674008149409,0.09357503931042827,-0.4670566150270795
-0.8345513050326154,0.07786429563222422,-0.5798701620522788
-0.721029613639088,0.15157544866719141,-0.5270756642817409
-0.4373217566880205,0.18733120525919167,-0.39532723290876864
-1.2074837908558316,-0.01439521243251343,-0.723214241568951
-1.0747717207357128,-0.21292197038442304,-0.4828237762851006
-0.6961064583664638,0.006949456029123141,-0.2936335372048207
-0.9383457770158278,0.18904866119513922,-0.396277577233621
-1.5006996407222717,0.06536559611257979,-0.6454252583311549
-1.1895186533657407,0.2528539825315288,-0.46383807157442264
-0.9334949226649139,0.15752934457607692,-0.4757927987741341
-1.0367911711459399,0.215862629351802,-0.5468225945942047
-0.7223834152344727,0.36089503903533515,-0.3206526812939075
-0.7912642301656135,0.26026698586453256,-0.43450958913817966
-0.5489674042864225,0.16447923762197847,-0.33484303057607145
-0.3129610201914837,0.46015026361490063,-0.20670291758508377
-0.5260575840493442,0.503735359862439,-0.34578796463472494
-0.6773031143436756,0.32721287393671417,-0.319082474828031
-0.6513072935596425,0.48841253578129273,-0.4235394396546165
-0.15130495703667537,0.12254077415351047,-0.07947491187475075
-0.6447867066509836,0.34820528564312425,-0.41413426096900735
-0.5630508669110357,0.22351919360151215,-0.41072723493679314
-0.8580187667569023,0.17490884814619861,-0.5800475418431082
-1.1171818323781046,-0.09721392277070354,-0.7705699151953515
-0.7071406203148447,-0.10596790709345011,-0.5695734995944576
-0.9469467827664438,-0.2905793634372425,-0.4747295025948909
-1.5510448112783772,-0.2977599367411993,-0.8317019068089672
-0.9536455749085747,-0.15231181622919876,-0.4656759290868549
-0.5852584367314394,0.19668399595242664,-0.3823239074537758
-0.23787639899692306,0.2892676167793246,-0.18771643762245727
0.5421386457357839,0.833849637453929,0.3832723777972843
1.472046133605195,1.132672450363111,1.0446703157076056
2.4726097598228556,1.735578522734474,1.6790300988008615
2.3034001952326397,1.546828668079257,1.592298370439217
2.3225114295813016,1.848912101356806,1.5169630748756195
2.0820803332547535,1.9821184950847204,1.306957768599785
2.493848731524989,2.02528631166726,1.6007138212643595
2.1155354635309855,1.9302268877307491,1.357578616931186
2.1434460907186206,2.021608365473248,1.412911205212133
2.288467036395892,2.2341743760294928,1.4640219192767234
2.147448045557999,2.1948227946167123,1.3890474557375316
2.0427831137157817,2.1152208300416433,1.3325539098348318
2.2677210593037076,2.2517282677381507,1.4436759079946784
2.1403836826687166,2.3306886304422934,1.4055712394665907
2.186840729460241,2.2066320393912418,1.5460360117848346
2.4336618160709294,2.0919019148821048,1.6221194775635819
2.36311817666453,2.3220909969029604,1.5196353956649842
2.2445202559187067,2.3039504129347645,1.4439981189581095
2.310659322235809,2.3377046657152953,1.4042551915516093
2.5086178974153794,2.613824007696106,1.4771441466508668
2.447656445119703,2.589966952481181,1.4423185810336914
2.1314636859014056,2.4095853883116396,1.3303018048530997
2.321910982225331,2.4983829512342015,1.3439451706124177
2.293076732770016,2.502564708758664,1.402225078612017
2.5221049443834316,2.687593384390634,1.427004792417462
